Subject Statistics:
{'mean': array([51.055, 49.315, 49.725, 50.69 , 48.9  ]), 'median': array([52.5, 49.5, 52. , 51. , 46.5]), 'std': array([29.2583659 , 30.84470416, 29.89631039, 29.999565  , 29.79916106]), 'min': array([0, 0, 1, 0, 0], dtype=int32), 'max': array([100, 100, 100, 100, 100], dtype=int32)}

Student Ranking:
[ 46  38  63  28  76 103 147 105 116 177  27  42  12 107  50   6 174   1
  19 176  72 167 121  77 155 194 178 199 183 102 170 192  79 128  17 132
  18  96 182 151 140 104  88 172  93  32 162  83 120 163 195  87 142 110
  91  56 190   5   0  48  57 112 175 154 166  90 186  97  64 124 185 181
  35 127 100 123 101  74  33  31 129  71  65  53 156  15 126 118   7  52
  89  94 106  16 191 137  54 119 157  51 141 164  41   9 133  23  99  13
  66  37 168 138  21  68  49  62  20  40 158 144   2  45  43   8 139  69
 198 153 161 117  78 122 125 165  92 173  85 187  30 113 160 188 152 148
  80  75 143   3  10 196  60 146 131 114  81  86  44  26  36 169  55 109
  25 145 115 130 159 108  34  61   4  22  58 136 180  82  73 179  39 135
  11  70  59 150 149 189 111 171 193  24 197  95 134  29  84  47  98  67
  14 184]

At-Risk Students:
[  4  11  14  22  24  25  26  29  34  36  39  44  47  55  58  59  61  67
  70  73  81  82  84  86  95  98 108 109 111 114 115 130 134 135 136 145
 149 150 159 169 171 179 180 184 189 193 197]

Normalized Scores:
[[-0.0018798   1.38386803 -1.19496351  0.67700982  0.37249371]
 [-1.06140583  1.05966327  1.21336043  0.77701127  0.84230559]
 [ 1.22853751  1.61081136 -0.89392302 -1.62302353 -0.93626797]
 [ 0.03229845 -1.56639531  1.24680937 -0.72301048 -0.3993401 ]
 [-1.71079274  0.44367422  0.31023895 -1.02301483 -0.56713006]
 [ 0.81839841  0.24915136 -0.9608209   1.2436847  -0.03020219]
 [ 1.33107229  0.28157184 -0.29184203  1.34368615  0.33893572]
 [ 0.95511144 -1.14492912  0.37713684  0.34367165 -0.09731818]
 [ 0.33990278  0.02220803  0.14299423  0.41033928 -1.57386981]
 [ 1.67285487  0.02220803 -1.46255506 -1.02301483  0.77518961]
 [-0.44619717 -1.04766769 -1.56290189  1.2436847   0.33893572]
 [-1.30065364 -1.33945198  1.31370726  0.0436673  -1.6074278 ]
 [ 1.09182448  1.35144755  0.31023895  0.643676   -0.19799215]
 [-1.50572319 -0.10747388 -0.52598464  0.87701272  1.04365354]
 [-0.54873194 -0.01021245 -1.56290189 -1.65635735 -1.47319584]
 [ 0.06647671 -1.50155436  0.10954529  1.37701997  0.43960969]
 [-1.1639406   1.2866066  -0.22494415 -0.58967522  0.8087476 ]
 [ 0.33990278  1.61081136 -1.22841245  1.4436876  -0.06376018]
 [-1.26647538  0.70303803  0.91231994  1.17701707  0.4060517 ]
 [-0.41201891  1.12450422  0.97921782  1.01034798  0.10402977]
 [-0.95887105 -0.78830388  1.28025832  0.27700402 -0.29866613]
 [-0.78797976 -1.14492912 -0.1914952   0.4436731   1.31211748]
 [ 0.64750711 -1.33945198  1.24680937 -1.68969117 -1.40607985]
 [ 1.22853751  0.41125374 -1.32875928  0.97701417 -1.40607985]
 [-0.5829102  -0.49651959 -0.59288253 -1.5563559  -0.29866613]
 [-0.82215801 -1.40429293  0.74507522  0.67700982 -1.27184789]
 [-0.61708846 -0.56136055 -0.09114837 -0.9563472   0.4060517 ]
 [ 1.22853751 -0.43167864  1.61474775 -0.25633705  1.2114435 ]
 [ 1.33107229 -0.49651959  0.47748367  1.57702287  1.71481338]
 [-0.1727711   0.89756089 -1.59635083 -1.68969117 -1.50675383]
 [ 1.29689403 -1.1773496  -0.79357619 -1.42302063  0.97653756]
 [-1.26647538  1.2866066  -0.29184203  0.8436789   0.03691379]
 [ 0.37408104  1.48112946  0.0426474   1.47702142 -1.54031182]
 [ 1.43360706  1.64323184 -0.92737196 -1.22301773 -0.23155014]
 [-0.78797976 -0.46409912 -1.2618614  -0.65634285  0.70807363]
 [ 0.23736801  1.1569247  -0.76012724  0.47700692 -0.26510813]
 [-0.24112762  0.37883327  0.20989212 -1.52302208 -0.73492002]
 [-0.82215801 -0.20473531  1.1130136  -0.72301048  0.4060517 ]
 [ 0.78422015  1.35144755  1.28025832  0.34367165  1.58058141]
 [-1.744971   -0.7558834   0.37713684  0.8436789  -1.57386981]
 [ 0.61332885  0.70303803 -0.79357619 -1.42302063  0.4060517 ]
 [-0.51455369  1.51354994  0.00919846 -0.25633705 -0.86915199]
 [ 0.92093318  0.28157184 -0.62633147  1.47702142  1.27855948]
 [-0.0018798   0.37883327  0.24334106  0.01033348 -1.27184789]
 [-0.44619717 -1.56639531 -1.59635083  1.6436905   0.20470375]
 [ 0.9892897   0.28157184 -1.62979978 -1.65635735  1.41279145]
 [ 0.06647671  1.18934517  1.68164564  1.47702142  1.58058141]
 [-1.744971   -1.01524721 -1.62979978  0.0436673  -0.19799215]
 [ 1.29689403 -0.59378102  0.64472839 -0.65634285  0.60739965]
 [ 0.10065497  0.80029946  0.17644318 -1.1563501  -0.3993401 ]
 [-0.95887105  0.6057766   1.58129881  0.61034218  1.2114435 ]
 [-1.40318841 -1.11250864  1.54784986  0.71034363  0.30537772]
 [ 0.61332885  0.96240184  1.41405409 -1.62302353 -1.00338395]
 [ 0.23736801 -0.46409912 -1.06116774  1.27701852  0.57384166]
 [-1.12976234 -0.98282674  1.51440092  0.643676    0.07047178]
 [-0.65126672 -0.33441721 -0.39218886  1.01034798 -1.64098579]
 [-1.40318841  1.35144755  0.20989212  1.2436847   0.0033558 ]
 [-0.99304931 -0.6262015   1.44750303 -0.32300468  1.64769739]
 [-1.53990145 -1.11250864  1.31370726  0.27700402 -1.6074278 ]
 [-1.744971   -0.0750534  -1.29531034  0.57700837 -0.43289809]
 [-0.68544498 -1.33945198  1.61474775 -1.08968247 -0.06376018]
 [ 0.95511144 -1.53397484 -1.02771879 -0.92301338  0.13758777]
 [-0.65126672 -0.85314483  0.81197311  0.67700982 -0.46645608]
 [-0.48037543  1.09208374  1.61474775  1.2436847   1.64769739]
 [-0.92469279  1.38386803 -1.09461668  1.01034798  0.54028367]
 [ 0.06647671 -0.49651959  0.97921782  0.31033783 -0.29866613]
 [ 1.63867662 -0.56136055  0.5778305  -0.62300903 -1.2047319 ]
 [-1.06140583 -0.0750534  -1.02771879 -1.45635445 -1.43963784]
 [ 0.51079408 -1.08008817 -0.59288253 -0.12300178  0.87586358]
 [ 0.23736801  1.1569247  -0.9608209  -0.72301048 -0.3993401 ]
 [-0.03605806  0.11946946 -1.42910612 -0.82301193 -0.76847801]
 [ 1.5703201  -0.95040626 -0.69322936  1.51035523 -0.73492002]
 [ 0.4082593   1.51354994  0.61127944  0.31033783 -0.06376018]
 [-1.12976234 -1.50155436 -0.52598464  0.41033928 -0.03020219]
 [-1.19811886 -0.20473531  1.38060515 -0.72301048  1.44634944]
 [-0.20694936 -1.43671341  1.61474775 -0.48967377 -0.86915199]
 [ 1.3994288  -0.13989436  0.07609635  1.4436876   1.64769739]
 [ 0.27154627  1.51354994  0.41058578  1.11034943 -0.60068805]
 [ 1.19435925 -0.56136055  0.54438156 -1.12301628 -0.83559399]
 [ 1.46778532  0.11946946  0.24334106  0.51034073 -0.13087617]
 [-0.95887105 -0.59378102 -0.12459731  1.14368325 -0.90270998]
 [ 0.47661582 -0.7558834  -1.62979978  1.27701852 -1.10405793]
 [-0.65126672 -1.33945198 -0.25839309 -0.12300178 -0.36578211]
 [ 1.3994288  -0.26957626 -0.82702513  1.57702287  0.0033558 ]
 [-0.92469279 -0.85314483 -1.2618614   0.27700402 -1.43963784]
 [ 0.16901149 -0.46409912 -0.1914952  -1.05634865  0.50672567]
 [-1.50572319 -1.11250864 -1.22841245  0.81034508  1.24500149]
 [-1.26647538  1.35144755  1.58129881  0.47700692 -0.60068805]
 [ 1.19435925  0.41125374  1.17991149 -0.02300033 -0.83559399]
 [ 0.20318975  0.41125374  0.37713684 -0.98968102  0.27181973]
 [ 0.20318975  1.1569247  -0.05769943  0.01033348 -0.26510813]
 [ 0.61332885 -1.14492912  0.10954529  0.27700402  1.71481338]
 [ 1.53614184 -1.37187245  0.07609635  0.27700402 -1.50675383]
 [ 0.54497234 -1.43671341  1.51440092  1.41035378 -0.09731818]
 [ 1.60449836  0.15188993 -0.35873992  0.01033348 -1.13761592]
 [-1.3348319  -0.65862198 -1.06116774 -1.1563501   0.43960969]
 [-1.12976234  1.35144755  0.24334106  0.11033493  1.34567547]
 [ 1.67285487  1.2866066   0.37713684 -0.9563472  -1.37252186]
 [-1.36901015 -1.59881579  0.24334106 -1.68969117 -0.53357207]
 [ 1.50196358 -0.0750534   1.28025832 -1.68969117 -1.13761592]
 [ 0.30572452  0.44367422  0.41058578  0.57700837 -0.93626797]
 [ 1.3994288   0.54093565  0.84542205 -0.85634575 -1.13761592]
 [-0.03605806  1.64323184  1.17991149  0.17700257 -0.70136203]
 [ 0.88675492  1.35144755  0.61127944 -0.1563356   1.47990743]
 [ 0.33990278  0.6057766   0.84542205 -1.18968392  1.34567547]
 [ 1.29689403 -0.0750534   1.14646254 -0.42300613  1.68125538]
 [-0.65126672  1.41628851  1.68164564 -0.9563472  -1.33896387]
 [ 0.57915059  1.61081136 -0.55943358  0.01033348  1.51346543]
 [-1.43736667 -1.01524721  0.24334106  1.47702142 -1.64098579]
 [ 0.57915059 -1.50155436 -1.16151457 -0.92301338  1.01009555]
 [-1.71079274  1.35144755 -0.62633147  1.31035233  1.14432752]
 [-0.95887105 -1.24219055 -0.02425048 -0.5563414  -0.56713006]
 [-0.65126672  0.34641279  0.00919846 -0.28967087  1.71481338]
 [-1.36901015  0.54093565  0.47748367 -0.62300903 -0.33222412]
 [ 0.75004189 -0.23715578 -0.22494415 -0.7563443  -1.23828989]
 [-1.36901015  1.44870898 -0.15804626 -1.65635735 -0.50001408]
 [ 1.19435925  0.99482231  1.31370726 -1.45635445  1.44634944]
 [-0.89051453  0.76787898  1.31370726 -0.58967522 -1.43963784]
 [ 0.54497234  0.24915136  0.81197311 -0.7563443  -0.46645608]
 [ 1.26271577 -0.95040626 -0.49253569 -1.38968682  1.71481338]
 [ 0.71586363 -0.85314483  0.44403473  1.57702287 -0.03020219]
 [ 1.60449836 -0.46409912  1.04611571  1.47702142 -0.86915199]
 [-0.99304931  0.37883327  1.51440092 -0.48967377 -1.27184789]
 [ 0.10065497 -1.20977007 -0.92737196  1.2436847   1.64769739]
 [-0.7538015  -1.08008817  0.37713684  1.07701562  1.31211748]
 [ 1.16018099 -1.20977007  0.27679001 -1.08968247 -0.03020219]
 [ 1.63867662 -1.24219055  0.3436879  -1.08968247  0.87586358]
 [-1.47154493  0.67061755 -0.76012724  0.87701272  1.51346543]
 [-0.0018798   1.05966327 -1.16151457  0.57700837  1.64769739]
 [-1.36901015 -0.82072436  0.0426474   1.11034943  1.68125538]
 [ 0.03229845 -0.88556531 -1.16151457  0.17700257 -0.36578211]
 [ 0.03229845 -0.26957626  0.24334106 -0.42300613 -1.2047319 ]
 [ 1.46778532 -1.46913388 -0.52598464  1.17701707  1.44634944]
 [ 0.78422015 -1.04766769  0.84542205 -1.42302063  0.8087476 ]
 [ 0.20318975 -1.08008817 -1.46255506 -0.18966942 -1.23828989]
 [-0.41201891 -0.26957626 -1.39565717 -0.05633415 -0.76847801]
 [ 0.47661582 -1.46913388 -0.7266783  -0.48967377 -0.3993401 ]
 [ 1.05764622 -1.37187245  0.47748367  1.14368325 -1.10405793]
 [ 0.64750711  1.25418613 -0.1914952  -1.58968972 -0.46645608]
 [ 0.61332885 -0.6262015  -1.06116774  0.31033783  0.13758777]
 [-0.44619717  1.31902708  0.77852416  1.27701852 -1.03694194]
 [-0.44619717  0.54093565 -0.1914952  -1.28968537  1.41279145]
 [ 0.20318975 -0.98282674  1.38060515  0.67700982  0.37249371]
 [-0.44619717 -1.59881579 -1.59635083  0.8436789   1.41279145]
 [ 0.33990278  0.41125374 -0.86047407  0.14366875 -0.56713006]
 [-0.48037543 -1.43671341  0.24334106 -0.25633705 -0.16443416]
 [-0.68544498 -0.17231483  0.3436879  -0.1563356  -0.96982596]
 [ 0.95511144  1.12450422  0.81197311  1.6436905  -0.46645608]
 [ 1.60449836 -1.01524721 -1.02771879  0.17700257 -1.07049994]
 [-0.1727711  -0.04263293 -1.22841245 -1.22301773 -0.63424604]
 [-1.744971    0.11946946 -1.59635083 -1.18968392  1.24500149]
 [ 0.16901149  0.80029946 -1.29531034  0.74367745  1.54702342]
 [-1.23229712  0.70303803  0.84542205 -0.92301338 -0.73492002]
 [-1.50572319  1.35144755 -0.49253569  1.27701852 -1.40607985]
 [ 0.20318975  0.31399231 -0.02425048 -0.78967812  1.41279145]
 [ 1.67285487 -0.30199674  1.6481967   0.41033928 -0.76847801]
 [ 0.37408104 -1.08008817  0.74507522 -0.62300903  1.14432752]
 [ 0.85257666  1.35144755 -0.7266783  -1.28968537 -0.13087617]
 [-0.5829102  -1.43671341  1.04611571  0.57700837 -0.09731818]
 [-0.92469279  0.50851517 -1.36220823  0.14366875 -0.66780404]
 [-1.60825797 -0.56136055  0.47748367 -1.12301628  1.54702342]
 [-0.10441458 -1.27461103  1.14646254 -0.85634575  0.43960969]
 [ 1.26271577  1.1569247   0.27679001 -0.82301193 -0.03020219]
 [ 0.85257666 -0.56136055  1.58129881  1.57702287 -1.64098579]
 [-1.06140583  0.15188993 -1.496004    1.34368615  1.04365354]
 [ 0.57915059  1.44870898 -1.52945295 -1.62302353  0.10402977]
 [-0.99304931  1.64323184  0.07609635 -0.48967377  0.8087476 ]
 [ 0.75004189  1.05966327 -1.12806562  1.11034943  0.94297957]
 [ 0.71586363 -1.59881579  0.00919846 -0.22300323  0.90942158]
 [-1.64243622  0.37883327  0.47748367 -0.65634285 -0.53357207]
 [ 1.36525055  1.44870898  0.71162628 -0.42300613 -0.802036  ]
 [-0.61708846  0.11946946 -1.59635083 -0.05633415 -1.27184789]
 [ 0.44243756  0.11946946 -1.52945295  1.41035378  1.47990743]
 [ 0.16901149 -1.08008817 -0.12459731 -0.9563472   0.97653756]
 [ 1.67285487  1.12450422 -1.22841245  0.47700692  0.84230559]
 [-0.03605806 -0.39925817  0.44403473  1.54368905 -0.3993401 ]
 [-0.07023632  1.54597041  1.04611571 -0.72301048  0.97653756]
 [ 1.33107229  0.02220803  0.41058578  1.54368905  0.07047178]
 [-0.48037543  1.51354994  1.24680937  0.91034653 -0.66780404]
 [-0.03605806  0.99482231 -1.52945295 -0.7563443  -1.54031182]
 [-1.43736667  0.18431041 -1.12806562  0.74367745 -1.10405793]
 [ 1.09182448  1.22176565  0.61127944 -0.58967522 -1.47319584]
 [ 0.03229845  0.50851517  0.87887099 -0.28967087  0.84230559]
 [-0.99304931  0.15188993  0.97921782  1.4436876   0.84230559]
 [-1.23229712 -1.37187245 -1.56290189 -1.58968972  0.20470375]
 [-0.92469279  0.54093565  1.51440092  0.51034073 -0.76847801]
 [ 1.3994288  -0.59378102 -0.02425048  0.31033783  0.03691379]
 [-1.12976234 -0.95040626 -1.52945295  1.01034798  1.41279145]
 [-0.34366239  0.34641279 -0.9608209  -1.02301483  0.67451563]
 [-1.744971   -1.46913388 -1.29531034  1.27701852 -0.13087617]
 [-0.61708846 -0.04263293  0.91231994  1.27701852 -0.16443416]
 [-0.85633627  0.7354585  -0.82702513 -0.1563356   1.2114435 ]
 [ 0.13483323  1.41628851  0.41058578 -0.12300178  0.37249371]
 [ 0.9892897  -0.78830388 -0.49253569 -1.68969117 -1.40607985]
 [ 1.60449836  0.0546285   0.94576888 -0.1563356   0.20470375]
 [ 1.16018099 -1.1773496   1.31370726 -0.78967812  1.24500149]
 [ 0.88675492  1.22176565 -1.62979978 -0.85634575 -1.2047319 ]
 [ 0.23736801  0.18431041 -1.46255506 -1.62302353 -0.90270998]
 [-1.1639406  -0.39925817  1.61474775 -1.22301773  0.47316768]
 [ 1.26271577  1.64323184 -0.76012724  0.74367745 -0.36578211]]

Correlation Matrix:
[[ 1.          0.0351345   0.01116375 -0.07932655 -0.01195642]
 [ 0.0351345   1.          0.00409549 -0.02872209 -0.03020575]
 [ 0.01116375  0.00409549  1.          0.01324012 -0.03715687]
 [-0.07932655 -0.02872209  0.01324012  1.          0.08732364]
 [-0.01195642 -0.03020575 -0.03715687  0.08732364  1.        ]]

